1403636579763555840.000000 0.000000000 0.000000000 0.000000000 -0.000000000 -0.000000000 -0.000000000 1.000000000
1403636579813555456.000000 0.000167744 0.003691897 0.001646472 0.001294345 0.002514741 -0.000870810 0.999995649
1403636580013555456.000000 -0.000264959 0.025860356 0.008803846 -0.017069040 0.005624688 -0.001668238 0.999837101
1403636580213555456.000000 -0.000808292 0.050421163 0.015646739 -0.027443793 0.004544287 0.003015304 0.999608457
1403636580463555584.000000 -0.001693462 0.072236799 0.019642763 -0.055604558 0.002883216 -0.002337305 0.998445988
1403636580713555456.000000 -0.002775601 0.060144924 0.015760986 -0.068243153 0.001557964 -0.003358572 0.997661889
1403636582263555840.000000 -0.000835991 0.064439185 0.017348016 -0.062579550 0.017417515 -0.010844120 0.997829080
1403636584163555584.000000 0.002469081 0.065037683 0.017975478 -0.064282082 0.018607413 -0.012964839 0.997674048
1403636586563555840.000000 0.002203228 0.027209347 -0.009845912 -0.202133223 0.043048222 0.013063706 0.978324234
1403636587313555456.000000 0.014797744 0.023148870 -0.005059281 -0.194743335 0.026236555 0.004173018 0.980494440
1403636587613555456.000000 0.035020478 0.021395087 -0.000808551 -0.198321313 0.032595314 0.014074829 0.979493797
1403636587913555712.000000 0.062787436 0.018743502 0.002633457 -0.186765492 0.050871927 0.026874926 0.980718374
1403636588213555456.000000 0.083027892 0.021165300 0.004633719 -0.206011906 0.065519243 0.030064955 0.975890577
1403636588963555584.000000 0.056259435 0.022535739 -0.000624483 -0.201996431 0.048513778 0.029527934 0.977738202
1403636589313555456.000000 0.016905611 0.021073671 -0.006113655 -0.192881465 0.030693922 0.019832794 0.980541348
1403636590013555456.000000 -0.058127314 0.028763296 -0.012078544 -0.201246038 -0.007816120 0.007850889 0.979478061
1403636590263555840.000000 -0.066652633 0.028602108 -0.013345387 -0.189860612 -0.018421588 0.006201393 0.981618643
1403636590713555456.000000 -0.037707150 0.025494998 -0.015859576 -0.187627211 0.007768707 0.001410436 0.982208610
1403636591013555456.000000 -0.003473792 0.025184186 -0.013751110 -0.198256224 0.016371096 0.009097805 0.979971290
1403636591363555584.000000 0.031645231 0.025377188 -0.009106723 -0.201096565 0.020729555 0.015604896 0.979227781
1403636591713555456.000000 0.047314513 0.029045992 -0.000850462 -0.171550095 0.053357311 0.019674273 0.983532667
1403636592063555840.000000 0.054109361 0.026537374 0.007299279 -0.142677099 0.088325486 0.030727468 0.985341430
1403636593463555584.000000 -0.038428303 0.025556391 0.018421330 -0.176958919 -0.109946325 -0.009685223 0.978009999
1403636593863555584.000000 -0.024929274 0.043123581 -0.019388283 -0.195518360 -0.030337410 0.028423272 0.979818523
1403636594213555456.000000 0.022061579 0.044904109 -0.027622528 -0.173454359 0.098237179 0.070888765 0.977362752
1403636594563555840.000000 0.067452878 0.035437338 0.002651743 -0.157026276 0.141246632 0.063755117 0.975360155
1403636595763555840.000000 -0.008486498 0.043438792 0.006924632 -0.164615661 -0.059193518 -0.010639338 0.984522581
1403636596163555584.000000 0.035550445 0.055354264 -0.018673090 -0.173855111 0.055990458 0.018479051 0.983004570
1403636596563555840.000000 0.008128602 0.057705097 -0.054973330 -0.158649698 0.063947946 0.020548226 0.985047579
1403636597263555840.000000 0.010098373 0.044279043 -0.010454706 -0.174591213 0.042617448 -0.003312919 0.983712733
1403636598113555456.000000 -0.008420379 0.038177803 0.012169889 -0.148209825 -0.077945367 -0.049933791 0.984614134
1403636598513555456.000000 -0.000917642 0.056517959 -0.002349714 -0.185204417 -0.055574615 -0.059097003 0.979345858
1403636598913555712.000000 0.008288574 0.062097941 0.032134540 -0.110865444 -0.091112919 -0.051703203 0.988298595
1403636610863555584.000000 0.014446927 0.077148840 0.063614592 0.018764533 -0.086172879 -0.018696917 0.995927989
1403636613813555456.000000 0.014559398 0.077232257 0.063680016 0.019709866 -0.085678600 -0.018507671 0.995955944
1403636623563555840.000000 0.014664887 0.077144958 0.063699849 0.019882005 -0.085289694 -0.018261900 0.995990396
1403636624363555584.000000 0.015143926 0.077232063 0.063462831 0.010986264 -0.080347717 -0.019227428 0.996520877
1403636624763555840.000000 0.023377050 0.079029188 0.058979668 -0.000635582 -0.068120025 -0.030774610 0.997202218
1403636625113555456.000000 0.035759762 0.073754929 0.045604713 -0.036461588 -0.056652006 -0.070556670 0.995230079
1403636625563555840.000000 0.037144188 0.062023208 0.038716804 -0.036024697 -0.066434011 -0.056136608 0.995558858
1403636627063555840.000000 0.038426731 -0.000372812 0.043987870 -0.014228534 -0.081220448 -0.055387471 0.995054305
1403636627613555456.000000 0.050907817 -0.015300185 0.030398322 -0.009003067 -0.074682146 -0.045195948 0.996142030
1403636628163555584.000000 0.068147644 -0.013396265 0.032533146 -0.023934631 -0.024202025 -0.035305709 0.998796761
1403636628713555456.000000 0.086234078 -0.042226452 0.039021760 -0.005910751 -0.027429618 -0.015882323 0.999480069
1403636629213555456.000000 0.119942077 -0.053257979 0.050653789 -0.027406935 0.011655449 -0.020631168 0.999343514
1403636629713555456.000000 0.160179809 -0.057160325 0.076486737 -0.024890427 0.069203675 0.013837749 0.997195959
1403636630163555584.000000 0.207819149 -0.051290449 0.115816690 -0.023473259 0.145582497 0.031838316 0.988555014
1403636630563555840.000000 0.251323462 -0.074516453 0.146872029 -0.015040518 0.156895444 0.027119847 0.987128258
1403636631013555456.000000 0.296451211 -0.098930746 0.184609056 -0.017693795 0.144970521 0.026941126 0.988910854
1403636631663555584.000000 0.355563372 -0.107081980 0.254019737 -0.011835858 0.140102893 0.019418061 0.989875793
1403636632513555456.000000 0.409134477 -0.126520574 0.337316275 -0.016139176 0.140446246 0.019398965 0.989766657
1403636632963555584.000000 0.426764548 -0.125626162 0.387847930 -0.021889199 0.067113936 -0.000878052 0.997504830
1403636633513555456.000000 0.451831788 -0.140282989 0.456437021 -0.027853066 0.023864375 -0.013925366 0.999230146
1403636633963555584.000000 0.472994506 -0.154259890 0.525568068 -0.028096540 0.031562142 0.001935147 0.999104977
1403636634363555584.000000 0.500831723 -0.180839568 0.591087639 -0.021215292 0.034032233 -0.007223979 0.999169409
1403636634813555456.000000 0.534514308 -0.205744892 0.668521345 -0.009654772 0.017917076 -0.025875356 0.999457955
1403636635263555840.000000 0.560424864 -0.233403400 0.737588942 -0.023119558 -0.003467949 -0.033104017 0.999178469
1403636635713555456.000000 0.582541406 -0.262449086 0.812333047 -0.025264548 -0.009735771 -0.018173739 0.999468207
1403636636163555584.000000 0.615000427 -0.318867028 0.886021793 -0.030708531 -0.005195030 -0.018798079 0.999338090
1403636636613555456.000000 0.653823078 -0.379077792 0.958670378 0.013794283 0.002098727 -0.042206801 0.999011517
1403636637113555456.000000 0.678285599 -0.401472896 1.023318768 -0.001883586 -0.003482990 -0.038814325 0.999238610
1403636637563555840.000000 0.684358060 -0.409631133 1.070613384 -0.022128150 -0.010526911 -0.034940876 0.999088943
1403636638063555840.000000 0.684189022 -0.453714967 1.118913293 -0.009745025 -0.015079370 -0.034195568 0.999253929
1403636638513555456.000000 0.684510291 -0.456253290 1.170347571 -0.042752393 -0.022884047 -0.015419456 0.998704553
1403636638963555584.000000 0.696114242 -0.476504773 1.231939912 -0.024368346 -0.021957183 -0.024799753 0.999154210
1403636639413555712.000000 0.718308687 -0.497023404 1.307281733 -0.025270907 -0.024657594 -0.017049683 0.999231040
1403636639863555584.000000 0.754856467 -0.498000056 1.390335560 -0.004924568 -0.021002727 -0.036310621 0.999107718
1403636640313555456.000000 0.780588865 -0.521326363 1.457425594 -0.003665549 -0.043328177 -0.045010518 0.998039722
1403636641363555584.000000 0.829864442 -0.546652794 1.572362781 -0.006573684 -0.058614217 -0.043345146 0.997317612
1403636641713555456.000000 0.842699885 -0.546268165 1.603908896 -0.005919483 -0.055173509 -0.046691231 0.997366905
1403636642113555456.000000 0.858244181 -0.565922797 1.625493765 -0.001287027 -0.037403163 -0.041769292 0.998426080
1403636643013555456.000000 0.888252378 -0.570161164 1.661382437 -0.025896545 0.002953952 -0.022565493 0.999405563
1403636643513555456.000000 0.907289386 -0.577058613 1.684226155 -0.022945691 -0.000372268 -0.020780638 0.999520659
1403636644063555840.000000 0.931782365 -0.607662678 1.718820691 -0.048510067 -0.002061707 -0.028815370 0.998404801
1403636644363555584.000000 0.944620430 -0.620319486 1.758850455 -0.020064628 -0.008024360 -0.008334007 0.999731779
1403636644663555584.000000 0.965640008 -0.618876934 1.804293394 0.001037779 -0.012180641 0.004408994 0.999915600
1403636644963555584.000000 0.998738348 -0.602826595 1.845988154 -0.005695568 0.001208983 -0.028283546 0.999583006
1403636645463555584.000000 1.046263337 -0.603558481 1.919771433 -0.047078677 0.005355194 -0.025497891 0.998551369
1403636645763555840.000000 1.059902668 -0.578099549 2.013848782 -0.024029376 0.013742454 -0.027000684 0.999252081
1403636646063555840.000000 1.098173738 -0.640224814 2.049778700 -0.024789553 0.012517788 -0.013914206 0.999517500
1403636646413555712.000000 1.136756063 -0.678405344 2.123888731 0.001888786 0.085713208 0.029019134 0.995895386
1403636646763555840.000000 1.178768992 -0.713757396 2.188803196 0.008226122 0.149197102 0.030358460 0.988307118
1403636647363555584.000000 1.249677777 -0.772383511 2.261466265 -0.004551335 0.156200632 0.034137730 0.987124741
1403636647963555584.000000 1.323488355 -0.798970103 2.313981533 0.007062022 0.167104065 0.039825693 0.985109270
1403636648563555840.000000 1.411643624 -0.783743620 2.335794926 0.006665548 0.306304872 0.088628985 0.947775185
1403636649913555712.000000 1.568485379 -0.857642412 2.311685562 0.013145962 0.358870953 0.095582925 0.928387225
1403636650613555456.000000 1.623240948 -0.847513676 2.273974895 -0.000505800 0.467171043 0.138524711 0.873247862
1403636651613555456.000000 1.655160427 -0.838015556 2.196587563 0.004901267 0.487164229 0.139550790 0.862074554
1403636652213555456.000000 1.651881933 -0.804626524 2.141179085 0.012991312 0.561937451 0.172550231 0.808878243
1403636652563555840.000000 1.643769026 -0.766322076 2.097338200 -0.011440102 0.635467052 0.217593461 0.740745485
1403636652913555712.000000 1.647054672 -0.750949144 2.053835392 -0.022295238 0.653239012 0.227053314 0.721961558
1403636653063555840.000000 1.653037071 -0.749535143 2.033399105 -0.018810187 0.654443622 0.219416767 0.723329782
1403636653663555584.000000 1.682765126 -0.734482169 1.965577602 0.002764708 0.645306766 0.190423414 0.739804327
1403636653913555712.000000 1.688842535 -0.732326508 1.941775680 0.008225786 0.644982994 0.183319166 0.741837859
1403636654563555840.000000 1.682954907 -0.712441325 1.880884886 0.001275969 0.688266635 0.209776342 0.694464743
1403636654763555840.000000 1.676024437 -0.712167263 1.860054255 -0.001906863 0.705493212 0.226803944 0.671443045
1403636654963555584.000000 1.669081211 -0.707227409 1.841337919 -0.002208778 0.717438579 0.227072969 0.658570349
1403636655413555712.000000 1.648203492 -0.685976267 1.809625387 0.021341458 0.733885944 0.218697354 0.642749906
1403636655613555456.000000 1.630191565 -0.678420126 1.796607137 0.016000653 0.746560991 0.232908234 0.623012364
1403636656063555840.000000 1.585749865 -0.638890684 1.763908505 0.011955556 0.781512499 0.270406365 0.562117159
1403636656263555840.000000 1.568150997 -0.625724912 1.744066477 0.003934916 0.792830706 0.273022413 0.544851124
1403636656563555840.000000 1.542444348 -0.622618377 1.706548929 -0.001268888 0.795365095 0.274188846 0.540567517
1403636656963555584.000000 1.514323235 -0.613757968 1.656632185 0.014938765 0.801160216 0.240909636 0.547614515
1403636657163555584.000000 1.495538592 -0.601153851 1.636622429 0.024181800 0.798244238 0.241508037 0.551266968
1403636657363555584.000000 1.473058581 -0.590314806 1.616199017 0.023354907 0.793801308 0.252849609 0.552631199
1403636657563555840.000000 1.446259975 -0.578529537 1.595588923 0.017090324 0.788169801 0.270771027 0.552430391
1403636657813555456.000000 1.412890196 -0.558245301 1.568042517 0.018104233 0.789601684 0.273967773 0.548765063
1403636658263555840.000000 1.352735996 -0.520825267 1.500432253 0.001110857 0.796405435 0.273989022 0.539135516
1403636658513555456.000000 1.323951244 -0.500053644 1.455874085 -0.011680675 0.799623132 0.269234359 0.536637008
1403636658713555456.000000 1.305082560 -0.481164187 1.423022509 -0.020999603 0.802860975 0.261485606 0.535349011
1403636658913555712.000000 1.290706992 -0.461058140 1.393844008 -0.018838231 0.807676375 0.247885466 0.534655809
1403636659113555456.000000 1.278437853 -0.440053344 1.370425701 -0.001020433 0.808528483 0.244612873 0.535205781
1403636659313555456.000000 1.265361905 -0.418348372 1.352682590 0.002077199 0.808394432 0.244740188 0.535346985
1403636659463555584.000000 1.254011273 -0.404823661 1.340780497 -0.006503037 0.805270672 0.253903896 0.535751522
1403636659613555456.000000 1.244247556 -0.396047950 1.327518702 -0.008461791 0.805387318 0.254160106 0.535427272
1403636659813555456.000000 1.231357813 -0.381213903 1.315146327 -0.005905842 0.808728933 0.249164924 0.532765865
1403636660013555456.000000 1.217702031 -0.361792266 1.307512760 -0.010737860 0.807639897 0.257414550 0.530415177
1403636660213555456.000000 1.207140684 -0.340456158 1.303766727 -0.018573703 0.805298567 0.267788112 0.528619707
1403636660413555712.000000 1.201746225 -0.320826948 1.300519943 -0.032152295 0.800172627 0.284077406 0.527247608
1403636660813555456.000000 1.211734176 -0.290034115 1.293225527 -0.023274086 0.812342048 0.245570868 0.528444529
1403636661063555840.000000 1.224933982 -0.265088856 1.299528122 -0.016244274 0.814335465 0.237821147 0.529183447
1403636661313555456.000000 1.236996055 -0.240826994 1.315413952 -0.002656762 0.813108683 0.241448462 0.529669702
1403636661563555840.000000 1.245664120 -0.229108647 1.333436728 -0.000612480 0.811347187 0.245364830 0.530576527
1403636661813555456.000000 1.250897169 -0.229662612 1.352436781 0.012438500 0.808637977 0.250640422 0.532098949
1403636662213555456.000000 1.247502327 -0.247560814 1.376862764 0.009087916 0.809073091 0.246824875 0.533287585
1403636662613555456.000000 1.233982921 -0.254972935 1.408475161 -0.010801908 0.805855334 0.263803184 0.529989004
1403636662913555712.000000 1.228147507 -0.252547413 1.435511112 0.012591112 0.801336765 0.280768901 0.528081238
1403636663213555456.000000 1.222786903 -0.243299261 1.451577783 0.010934287 0.795984089 0.298595369 0.526432037
1403636663563555840.000000 1.224976659 -0.223395765 1.456290483 -0.040736731 0.800867438 0.285444826 0.524855494
1403636663813555456.000000 1.242195010 -0.204875201 1.460824728 -0.054286905 0.803814411 0.272883713 0.525803983
1403636664063555840.000000 1.275180340 -0.199213266 1.468048811 -0.054175925 0.811729610 0.239792377 0.529773295
1403636664313555456.000000 1.317533135 -0.206357718 1.484657288 -0.022553688 0.809474170 0.235292584 0.537475884
1403636664613555456.000000 1.369153023 -0.200146735 1.522238135 -0.001591440 0.802457392 0.236238211 0.547951758
1403636664963555584.000000 1.420656562 -0.203435957 1.571078897 -0.004876623 0.793142259 0.241959006 0.558889449
1403636665313555456.000000 1.468273401 -0.225640565 1.616991282 0.004360599 0.783791542 0.258320123 0.564732254
1403636665663555584.000000 1.514410853 -0.251713514 1.658402443 -0.017934961 0.789904416 0.245871380 0.561495006
1403636666063555840.000000 1.567133665 -0.288256317 1.711073160 0.016882181 0.790850997 0.254070729 0.556522906
1403636666463555584.000000 1.608234525 -0.307289124 1.766457796 0.020360963 0.790949166 0.251020908 0.557649910
1403636666913555712.000000 1.638798833 -0.336732060 1.818901062 -0.004246087 0.777983665 0.278134912 0.563351035
1403636667763555840.000000 1.707880735 -0.351388156 1.894341826 -0.002170873 0.777693331 0.268729061 0.568307161
1403636668213555456.000000 1.748523831 -0.359772742 1.925764084 -0.008622391 0.783328950 0.263813525 0.562782228
1403636668663555584.000000 1.798178434 -0.347692817 1.962328911 -0.014287573 0.791791081 0.259356678 0.552808166
1403636669113555456.000000 1.854514599 -0.347607225 2.009073257 -0.006747532 0.801210403 0.238323122 0.548833728
1403636669563555840.000000 1.905226707 -0.359182477 2.072662354 0.005902481 0.803733945 0.232335955 0.547719777
1403636669963555584.000000 1.929658175 -0.377627343 2.141501188 0.051730666 0.791818976 0.253872037 0.553078353
1403636670363555584.000000 1.917372465 -0.404591352 2.190194607 0.092638619 0.770415723 0.274778426 0.567780316
1403636671263555840.000000 1.743325591 -0.411051095 2.073716164 0.085980006 0.626034379 0.236349821 0.738124073
1403636671763555840.000000 1.599950075 -0.384696722 1.883082032 -0.042981651 0.575724721 0.205213621 0.790304363
1403636672313555456.000000 1.517330408 -0.372077167 1.705664277 -0.094150372 0.584465384 0.185421839 0.784318030
1403636673163555584.000000 1.509459019 -0.337734103 1.613317490 -0.039534241 0.550657511 0.162230790 0.817859709
1403636675363555584.000000 1.667337298 -0.339960545 1.813831568 -0.053255621 0.477771908 0.142631739 0.865190148
1403636675963555584.000000 1.750820279 -0.363149196 1.920478106 0.008437274 0.407558203 0.124065995 0.904672801
1403636676863555584.000000 1.825758696 -0.382262766 2.100436687 -0.017919246 0.245729372 0.064381778 0.967032075
1403636677363555584.000000 1.857540131 -0.396735162 2.206807137 -0.003806351 0.237990737 0.035206255 0.970621705
1403636678563555840.000000 1.873420358 -0.456262201 2.358666182 -0.014321389 0.012854215 -0.020045202 0.999613881
1403636678963555584.000000 1.881477118 -0.476675540 2.388478041 -0.013112412 -0.064392522 -0.096925214 0.993119955
1403636679363555584.000000 1.864106894 -0.478163958 2.416654110 0.000253792 -0.168992639 -0.085943177 0.981863141
1403636679663555584.000000 1.850344658 -0.486021578 2.425747633 -0.006868354 -0.232034475 -0.100330643 0.967495024
1403636680363555584.000000 1.832336187 -0.537653029 2.404162407 0.021702098 -0.231250107 -0.151087597 0.960846007
1403636680813555456.000000 1.791179657 -0.533921957 2.354402542 -0.000791175 -0.225806162 -0.131916434 0.965198994
1403636681213555456.000000 1.741226196 -0.510473669 2.304333210 -0.037976451 -0.229038835 -0.114774369 0.965880871
1403636681613555456.000000 1.689303041 -0.501339018 2.257688999 -0.007464294 -0.234807059 -0.114329226 0.965266168
1403636682413555712.000000 1.576149702 -0.470458895 2.161713839 -0.024774972 -0.242930636 -0.112733230 0.963152230
1403636682813555456.000000 1.522496343 -0.451799393 2.112829208 0.000743774 -0.237441927 -0.108979985 0.965268970
1403636683263555840.000000 1.460241437 -0.436152905 2.046293020 0.000260147 -0.233442321 -0.113465823 0.965727806
1403636683663555584.000000 1.407154441 -0.402362764 1.984364986 -0.006851216 -0.240781218 -0.110363320 0.964260042
1403636684013555456.000000 1.363851309 -0.376850784 1.930362344 -0.016988881 -0.245698914 -0.110455476 0.962882638
1403636684513555456.000000 1.306521654 -0.367558956 1.849584222 -0.003842377 -0.256353259 -0.105498381 0.960800886
1403636684913555712.000000 1.271759987 -0.341083586 1.791516900 0.000664425 -0.258313090 -0.104722872 0.960368156
1403636685313555456.000000 1.247406006 -0.315058321 1.728809953 -0.007743923 -0.244905010 -0.124263130 0.961519778
1403636685713555456.000000 1.217624903 -0.293831527 1.660393596 -0.008251257 -0.240152687 -0.117762327 0.963530302
1403636686613555456.000000 1.142514944 -0.231962711 1.511619091 -0.023561161 -0.242391348 -0.110092156 0.963623881
1403636687963555584.000000 1.054123282 -0.155037612 1.359413385 -0.006290157 -0.251394033 -0.107130833 0.961917102
1403636688413555712.000000 1.038336873 -0.107828766 1.316738605 -0.007998273 -0.251303792 -0.109353870 0.961677790
1403636688813555456.000000 1.021574736 -0.064539090 1.278037786 -0.006443629 -0.248035118 -0.127988636 0.960237443
1403636689213555456.000000 0.992866874 -0.034128759 1.232217431 -0.022777794 -0.274995238 -0.123082653 0.953262508
1403636689613555456.000000 0.958795428 -0.035211813 1.187507629 -0.030786563 -0.288089216 -0.124104954 0.949028373
1403636689913555712.000000 0.931941986 -0.043431766 1.163636804 -0.049179286 -0.293713361 -0.101096876 0.949259341
1403636690463555584.000000 0.891266584 -0.061889030 1.164365292 -0.038752336 -0.281735688 -0.117281653 0.951508462
1403636690813555456.000000 0.866614699 -0.077654921 1.185910106 -0.037826508 -0.296978205 -0.070387632 0.951534927
1403636691163555584.000000 0.866844058 -0.081127197 1.227924347 0.011275550 -0.307342798 -0.047427338 0.950349391
1403636691413555712.000000 0.894821465 -0.093835361 1.253128409 0.025525577 -0.296175718 -0.092671722 0.950284362
1403636691863555584.000000 0.968549490 -0.136740252 1.275065780 -0.006280424 -0.292926222 -0.126362890 0.947727382
1403636692313555456.000000 1.044111133 -0.171836779 1.289881587 -0.002100433 -0.291421145 -0.125701442 0.948297679
1403636692863555584.000000 1.129666924 -0.241265565 1.283659577 -0.011061094 -0.273911238 -0.155720830 0.949000180
1403636693463555584.000000 1.182765603 -0.286495656 1.270362258 -0.040145375 -0.284351081 -0.135558695 0.948238730
1403636694013555456.000000 1.193074584 -0.306470573 1.292122960 -0.017891141 -0.291039228 -0.126150459 0.948188841
1403636694663555584.000000 1.194694281 -0.330117822 1.328911424 -0.017917609 -0.291074544 -0.128796488 0.947821796
1403636695413555712.000000 1.203674793 -0.336865783 1.376626492 -0.013273169 -0.282768160 -0.122107461 0.951291680
1403636696363555584.000000 1.215089202 -0.340340197 1.423675656 -0.008916344 -0.271058738 -0.130154818 0.953680992
1403636697263555840.000000 1.213646770 -0.328008145 1.427389264 0.008518571 -0.258305967 -0.154857501 0.953532696
1403636697913555712.000000 1.176476955 -0.343713045 1.374104500 -0.014316872 -0.206672743 -0.112497017 0.971815765
1403636698613555456.000000 1.116687417 -0.313671499 1.327786446 -0.016721044 -0.104704857 -0.073593266 0.991635680
1403636699413555712.000000 1.043446302 -0.271799266 1.293660164 -0.020286337 0.104109265 0.037603822 0.993647695
1403636700613555456.000000 1.038016915 -0.213597357 1.266433358 -0.002772076 0.259394705 0.083064541 0.962188661
1403636701913555712.000000 1.116966248 -0.174308747 1.223508358 -0.009982519 0.296504378 0.082095854 0.951444089
1403636703163555584.000000 1.221563339 -0.083016083 1.246874332 -0.015159599 0.390796691 0.119196735 0.912600875
1403636704363555584.000000 1.342012286 -0.069502875 1.273273706 -0.019694818 0.380185097 0.112566642 0.917823613
1403636705463555584.000000 1.488541842 -0.070897430 1.357272863 -0.025479276 0.376405597 0.097948164 0.920910299
1403636706413555712.000000 1.634096742 -0.096278504 1.505827188 -0.011570147 0.371835679 0.095010795 0.923351109
1403636707763555840.000000 1.814183950 -0.203559205 1.723753810 -0.025815677 0.382438630 0.117716402 0.916087985
1403636708563555840.000000 1.931054235 -0.231845886 1.895177841 0.010227903 0.365823150 0.127929434 0.921793342
1403636709313555456.000000 2.029189825 -0.254662991 2.010737419 -0.005149173 0.398319095 0.088565998 0.912946582
1403636710063555840.000000 2.062443733 -0.284147441 2.126760006 -0.014949682 0.391683280 0.088090040 0.915751517
1403636710713555456.000000 2.056840897 -0.293902397 2.248561382 0.004250696 0.332404077 0.106716335 0.937070489
1403636711363555584.000000 2.043684006 -0.299060285 2.341812611 -0.001676120 0.270010650 0.046656519 0.961724818
1403636712063555840.000000 1.979171276 -0.334429145 2.397181034 0.010905066 0.270862877 0.075854242 0.959562659
1403636712863555584.000000 1.868875504 -0.389356494 2.383873463 0.021258119 0.213376969 0.034315344 0.976135671
1403636713563555840.000000 1.748934746 -0.415248215 2.318984985 0.005821841 0.204607800 0.048227355 0.977637887
1403636714363555584.000000 1.636878252 -0.421186626 2.214941502 -0.000506759 0.217718348 0.060633428 0.974126339
1403636715313555456.000000 1.554983854 -0.410392046 2.108710766 -0.030697795 0.088511772 0.000841731 0.995601654
1403636716913555712.000000 1.505184889 -0.377486348 1.977713585 -0.005033509 0.064162329 -0.002092035 0.997924626
1403636717963555584.000000 1.459330797 -0.335736156 1.853422761 -0.008576516 -0.030026969 -0.066137716 0.997321725
1403636719013555456.000000 1.341555595 -0.257146597 1.738495946 -0.013522419 -0.165344983 -0.084758617 0.982493818
1403636719813555456.000000 1.277261853 -0.208572805 1.656613231 -0.009992838 -0.158899471 -0.073532067 0.984501958
1403636720613555456.000000 1.240211725 -0.163148075 1.574465632 -0.017257990 -0.156248674 -0.070103876 0.985075593
1403636721463555584.000000 1.232536316 -0.138757184 1.513306856 -0.003600766 -0.070626542 -0.037691403 0.996783972
1403636722413555712.000000 1.245716453 -0.110822111 1.439139485 -0.007727262 -0.039725650 -0.040981494 0.998340011
1403636723913555712.000000 1.225997448 -0.075591594 1.302847862 -0.007278249 0.020703368 -0.017607672 0.999604106
1403636725263555840.000000 1.187816024 -0.078380756 1.187943220 -0.013265854 0.113622360 0.025124051 0.993117690
1403636726713555456.000000 1.163188219 -0.090529650 1.116833091 -0.000058525 0.098320574 0.036892198 0.994470775
1403636727963555584.000000 1.152614951 -0.156318665 1.012791634 -0.004777065 0.101699308 -0.014077386 0.994704127
1403636729213555456.000000 1.072990894 -0.158238277 0.900418997 0.001281963 0.037095103 -0.024237994 0.999016941
1403636730463555584.000000 0.977182567 -0.113503039 0.758477986 -0.019895049 0.026457252 -0.017450534 0.999299645
1403636579763555840.000000 0.000123066 0.000047680 0.000016665 0.000014790 -0.000143293 -0.000165056 1.000000000
1403636579913555712.000000 0.000183568 0.013753271 0.005194130 -0.006062569 0.005633305 -0.003120772 0.999960899
1403636579963555584.000000 -0.000004669 0.019672018 0.007011630 -0.012130701 0.005596955 -0.003130003 0.999905884
1403636580163555584.000000 -0.000678334 0.044535734 0.014007577 -0.025309511 0.005118406 0.002755284 0.999662757
1403636580263555840.000000 -0.000971723 0.055594619 0.016800934 -0.030101914 0.004640898 0.001925357 0.999534190
1403636580363555584.000000 -0.001382468 0.065074652 0.018617481 -0.039457206 0.003818232 -0.001269456 0.999213159
1403636580463555584.000000 -0.001675624 0.072122157 0.019521259 -0.055778116 0.003136551 -0.002872932 0.998434186
1403636580563555840.000000 -0.002112218 0.073487900 0.019355329 -0.070916712 0.002030602 -0.002133108 0.997477889
1403636580763555840.000000 -0.002888924 0.052560519 0.013940525 -0.062982179 0.003919331 -0.006256153 0.997987330
1403636580863555584.000000 -0.003068516 0.034224574 0.010140616 -0.049055252 0.012586091 -0.013237881 0.998629034
1403636581013555456.000000 -0.003949007 0.006533446 0.004211355 -0.026747182 0.020115649 -0.020233711 0.999234974
1403636581713555456.000000 -0.001503521 -0.000713125 0.002167978 -0.003719733 0.024192011 -0.017173419 0.999552906
